.__C__rasch <-
<S4 object of class structure("classRepresentation", package = "methods")>
.Random.seed <-
c(403L, 10L, -1221474732L, 1385942871L, -1126833331L, -1140816156L, 
1641580234L, 964151093L, 1396321679L, 101517974L, -1578687936L, 
-1990548733L, 1579946785L, 1592431632L, -1692404754L, -279608423L, 
-1644282837L, 766282010L, 112454620L, 950259167L, 502487477L, 
592262988L, 1195584930L, -572506883L, -912317961L, 2140221214L, 
1629532632L, 1977068347L, -1998627623L, 872779880L, -2108377706L, 
729910545L, -268239165L, -2141937966L, 1644488548L, 727120551L, 
-1010203651L, 1982273012L, -336252198L, 1427874853L, 1201785151L, 
1568165574L, 418546512L, -1722524813L, 1693724049L, -273846336L, 
-1694537314L, -318639255L, 1115539355L, -328872278L, 740116684L, 
-284108401L, -1967698491L, -432107140L, 891584978L, 305405261L, 
1291558919L, -1625681938L, 1108555464L, 1408567755L, 228760617L, 
-104682888L, 1701459878L, -1005960767L, -606185901L, -6177534L, 
2029751348L, 1408167351L, -1158037075L, 22905540L, 395532010L, 
-419301035L, -1330098449L, 939535606L, 865213472L, -1249501725L, 
-711934335L, -894568208L, -780241010L, -411367175L, -141438325L, 
852406970L, -855867972L, -1769298177L, -218748331L, -785527444L, 
-2125183550L, -1530976739L, -801579369L, -1109698562L, 2099717048L, 
-1452523621L, -1480366599L, 1238885704L, -636112778L, -845611599L, 
679338979L, -269770574L, -1313092348L, 281497159L, -1739556579L, 
425195412L, 706149178L, 28198789L, 2111386719L, 1996635878L, 
125535600L, -1748111725L, 1186322225L, -849080864L, -1612219778L, 
925788425L, -438908101L, -824163574L, 283953900L, -870545553L, 
-283547483L, 303759964L, -909692366L, 150321453L, -1282261017L, 
-1234237682L, 1665751272L, -38491413L, 1085678473L, 1053409048L, 
558309958L, -170589535L, -1035115213L, -298132318L, -761490540L, 
1632012823L, 264064525L, -695915740L, -1309591798L, 1788516981L, 
-541341233L, -1393372458L, -860850560L, -1777108797L, -1269615007L, 
740773584L, 1207326766L, -496161319L, -563047957L, -1771269030L, 
-1098928612L, 1288724255L, -581471371L, -1747420660L, 917404642L, 
55298237L, 1522825015L, -927236130L, 1293446424L, -603160453L, 
-951314919L, 997719720L, -1458123690L, 1481705681L, 1903260803L, 
1707890450L, -1035357532L, -160367001L, 814288829L, 820109620L, 
-230260070L, 1139130597L, 1798685311L, -1801131002L, -1920540784L, 
1563886131L, 1397889489L, -1499313280L, 2133272158L, 2049572265L, 
980233307L, -638495638L, 1842343180L, -1565184177L, 2006526981L, 
-1937739076L, 33137554L, 2144690317L, 254375623L, 412966830L, 
1224059400L, -744190453L, -876607767L, -697663048L, -838828442L, 
2076629761L, -561861229L, 2135131714L, 2013010420L, -1506032649L, 
-198215699L, -1627017084L, -1760328022L, 413588501L, -2126926673L, 
1316348598L, -830168864L, -185234397L, -458861759L, -67961296L, 
-1933173682L, 1077671097L, 1915023563L, -1849860742L, 1402306684L, 
-1443961665L, -474631787L, 2051201452L, -1699460222L, 759574877L, 
-831934377L, -81000642L, 1626656632L, 1790682203L, -1198738503L, 
1456067080L, 829905078L, 477642737L, -897758685L, -756800910L, 
-205530940L, 1844530823L, 1409418845L, -545056700L, -2130584232L, 
-262892486L, 1799127920L, 594347068L, -2054608108L, 382060994L, 
-1345650464L, -1370966148L, 1597546192L, 279250594L, -394083288L, 
-1476876020L, 1771991996L, -950239950L, -420388928L, 740659764L, 
-650961976L, 1811522746L, -1460605040L, 516740588L, 81477716L, 
-557048174L, -1042318560L, 1399229900L, -1551877152L, -888274238L, 
-1551394264L, -1452949844L, -308751684L, -1980042766L, 1254525232L, 
379022500L, -777919816L, -1144657062L, -993464944L, -2074644100L, 
-1441362668L, 312092994L, -274275584L, 1341889468L, 1092885328L, 
669409570L, 1184521544L, -2077345780L, 341702748L, 791815378L, 
1336002560L, 498785108L, 1868530152L, -995592198L, 1610872528L, 
614819116L, -1986008844L, 1615914898L, 961371232L, 1136041228L, 
-304429344L, 1371012450L, 1418764968L, 627546700L, 2008143740L, 
-1424659662L, 1150688880L, 1288412484L, -969475112L, -121294726L, 
-860248528L, 246876860L, 690816852L, -1639269822L, -2102449248L, 
2059102396L, 154460624L, -1399544478L, 1781699560L, -1577723956L, 
692524796L, -2022027278L, -1427948416L, -2129200908L, 1566274696L, 
-1236720326L, 403931984L, -997495700L, 255303828L, -100877998L, 
931331808L, 220647628L, 1308907680L, -1851483774L, -984794904L, 
-1186653972L, 475043900L, 1257201778L, 359770224L, -699424220L, 
-565288392L, -1676711398L, -1484795696L, 2121348668L, -249000812L, 
1122505858L, -1747646528L, 2089233724L, 1223687824L, 1033851938L, 
413749256L, -349881204L, -902184932L, -19422062L, 1972505728L, 
170361876L, 64807720L, -1456532422L, -1316524848L, -552274836L, 
-553937228L, -1908891630L, 1154564064L, 755911628L, 2059091424L, 
1344474146L, -1387473624L, 602069260L, 1798000188L, -443251470L, 
746846448L, -724551868L, -1396658088L, 1912832570L, 567462128L, 
-1117150532L, -1743648236L, -407262014L, 1810101856L, -136395396L, 
1709057232L, -1912425438L, -1408612184L, 64429452L, 2141872572L, 
-1183987662L, 646828864L, -1748345164L, -2125803192L, -1182338374L, 
1878769424L, 1277542636L, -281937836L, 128812818L, 245359008L, 
1853450188L, 135421792L, -920326974L, -1143583192L, -928028244L, 
-1807211716L, 777790322L, -529314000L, -101908444L, 1024147000L, 
589370074L, -1922197616L, -1331415812L, -740799084L, 2051474242L, 
1079872000L, -991082436L, -575176112L, 1578565794L, 62505800L, 
1920186892L, -1239278884L, 1822847058L, 1886899328L, 802785108L, 
34357224L, 1866806010L, 1633552208L, 2093655084L, -970847884L, 
187117202L, -740564384L, 1691250828L, 1512477024L, -1301325598L, 
2019421352L, -1808279860L, -670901764L, -1281733710L, -1601453072L, 
1570013636L, 580861272L, -1521979014L, 929165744L, -1721652804L, 
-1924678060L, -2001233470L, -1032256736L, -748948548L, 999313488L, 
-1804133406L, 1645231976L, -1714530484L, -683249924L, 1135838962L, 
355892480L, 852311156L, 21278216L, -1558714950L, -1221024304L, 
-633214996L, -559666284L, -53843758L, 362583136L, 993480012L, 
-1729301728L, -88544638L, -1972432408L, 716921836L, -460009924L, 
-1235892622L, 1275456368L, -1732539100L, -1270031816L, 1011188122L, 
1819835840L, -579657058L, 931527531L, 257704685L, -158812326L, 
-1556296680L, -323167871L, -402059469L, 373777748L, 1792069474L, 
-2125675529L, -1383109567L, 1528178886L, 1400280580L, 2075558325L, 
-2038333793L, -101273864L, -456346922L, -1197480093L, -1731813595L, 
-675146558L, 507462064L, 1498855897L, -65235125L, -1623261764L, 
-1885172246L, 51575327L, -1620062039L, 1814050878L, -428132052L, 
1425781629L, 626207175L, -613765968L, -508507442L, 663502843L, 
-281114531L, 1075326858L, -305274968L, -889039599L, -179991549L, 
-717936892L, 1636084530L, -2064979577L, 572764113L, 301236566L, 
1819221812L, -1949236667L, 758140559L, -597727224L, 757300262L, 
157840595L, 1775359541L, -1803997806L, -2129219232L, -1874499383L, 
1365724155L, -1103303732L, -885193126L, -442004657L, 1903460889L, 
-1301872594L, 1724026428L, 1547396013L, 537611351L, -1265702496L, 
-1538370818L, 1167188427L, -1126004787L, -334583046L, 840339768L, 
1820654305L, -1683075693L, -583944780L, 1391036098L, 1074095831L, 
1075496737L, 463372006L, 300275684L, 1095247637L, -1112424641L, 
2040363736L, 1875042038L, 309491971L, 1251043909L, 1010592354L, 
916990416L, 654923513L, 347087915L, -1953569892L, 1942191050L, 
1879151807L, -1226492407L, 360447774L, 1783498444L, -1872714083L, 
2145071911L, 547347792L, -56892434L, 996215963L, -1595595011L, 
-859968022L, -2115355000L, -84891599L, -2127367517L, -1323885916L, 
212175698L, -1983200601L, 743284465L, 2056842806L, -1684163884L, 
177407589L, 1097667695L, -1370149208L, 1264405510L, 1691040051L, 
-757881451L, 1686039026L, -1477900736L, 1629382569L, 846924315L, 
-721222676L, 47703034L, -1650159569L, -980631495L, -1927687602L, 
24834716L, 2050234381L, 1737131127L, 61478016L, -1701641506L, 
-1734872661L, 739453613L, 461172506L, -1773228072L, 1691958337L, 
612428531L, 431107348L, 1766717602L, 1711363511L, -2039404159L, 
